445
512
1.011913 
0.981726 
0.951539 
0.921352 
0.891165 
0.860978 
0.830791 
0.800604 
0.770417 
0.740230 
0.710043 
0.679856 
0.649669 
0.619482 
0.589295 
0.559108 
0.528922 
0.498735 
0.468548 
0.438361 
0.408174 
0.377987 
0.347800 
0.317613 
0.287426 
0.257239 
0.227052 
0.196865 
0.166678 
0.136491 
0.106304 
0.076117 
0.045930 
0.015743 
-0.014444 
-0.044631 
-0.074818 
-0.105005 
-0.135192 
-0.165379 
-0.195566 
-0.225753 
-0.255939 
-0.286126 
-0.316313 
-0.346500 
-0.376687 
-0.406874 
-0.437061 
-0.467248 
-0.497435 
-0.527622 
-0.557809 
-0.587996 
-0.618183 
-0.648370 
-0.678557 
-0.708744 
-0.738931 
-0.769118 
-0.799305 
-0.829492 
-0.859679 
-0.889866 
-0.920053 
-0.950240 
-0.980427 
-1.010614 
